speeds,vehicles_dam,sim_dam,crashed_happened,sim_score,expected_score,exception,vehicles_damage_full,sim_damage_full
"[{'v1': 20.0}, {'v2': 20.0}]","[{'v1': ['F', 'FL', 'FL', 'M', 'F', 'F']}, {'v2': ['MR']}]","[{'v1': ['F', 'FL', 'F']}, {'v2': ['MR']}]",1,2.0,2.0,,"[{'v1': [{'name': 'F', 'damage': 0.1523809523809524}, {'name': 'FL', 'damage': 0.042666666666666665}, {'name': 'FL', 'damage': 0.28368794326241137}, {'name': 'M', 'damage': 0.0014578322035133757}, {'name': 'F', 'damage': 0.004519774011299435}, {'name': 'F', 'damage': 0.24972129319955408}]}, {'v2': [{'name': 'MR', 'damage': 0.009009009009009009}]}]","{'v1': [{'name': 'F', 'damage': 0.1523809523809524}, {'name': 'FL', 'damage': 0.28368794326241137}, {'name': 'F', 'damage': 0.24972129319955408}], 'v2': [{'name': 'MR', 'damage': 0.009009009009009009}]}"
"[{'v1': 41.0}, {'v2': 19.0}]","[{'v1': ['F', 'FL', 'F', 'FL', 'FL', 'M', 'F', 'F']}, {'v2': ['MR', 'MR']}]","[{'v1': ['F', 'FL', 'FL', 'FL', 'F']}, {'v2': ['MR', 'MR']}]",1,2.0,2.0,,"[{'v1': [{'name': 'F', 'damage': 0.7047619047619048}, {'name': 'FL', 'damage': 0.9078014184397163}, {'name': 'F', 'damage': 0.11627906976744186}, {'name': 'FL', 'damage': 0.8533333333333334}, {'name': 'FL', 'damage': 1}, {'name': 'M', 'damage': 0.01195422406880968}, {'name': 'F', 'damage': 0.00903954802259887}, {'name': 'F', 'damage': 1}]}, {'v2': [{'name': 'MR', 'damage': 1}, {'name': 'MR', 'damage': 0.011799410029498525}]}]","{'v1': [{'name': 'F', 'damage': 0.7047619047619048}, {'name': 'FL', 'damage': 0.9078014184397163}, {'name': 'FL', 'damage': 0.8533333333333334}, {'name': 'FL', 'damage': 1}, {'name': 'F', 'damage': 1}], 'v2': [{'name': 'MR', 'damage': 1}, {'name': 'MR', 'damage': 0.011799410029498525}]}"
"[{'v1': 35.0}, {'v2': 46.0}]","[{'v1': ['F', 'FL', 'FL', 'F', 'M', 'F', 'F']}, {'v2': ['MR', 'MR']}]","[{'v1': ['F', 'FL', 'FL', 'F']}, {'v2': ['MR', 'MR']}]",1,2.0,2.0,,"[{'v1': [{'name': 'F', 'damage': 0.5333333333333333}, {'name': 'FL', 'damage': 0.7375886524822695}, {'name': 'FL', 'damage': 0.672}, {'name': 'F', 'damage': 0.046511627906976744}, {'name': 'M', 'damage': 0.0067060281361615275}, {'name': 'F', 'damage': 0.00903954802259887}, {'name': 'F', 'damage': 1}]}, {'v2': [{'name': 'MR', 'damage': 0.036036036036036036}, {'name': 'MR', 'damage': 0.017699115044247787}]}]","{'v1': [{'name': 'F', 'damage': 0.5333333333333333}, {'name': 'FL', 'damage': 0.7375886524822695}, {'name': 'FL', 'damage': 0.672}, {'name': 'F', 'damage': 1}], 'v2': [{'name': 'MR', 'damage': 0.036036036036036036}, {'name': 'MR', 'damage': 0.017699115044247787}]}"
"[{'v1': 38.0}, {'v2': 17.0}]","[{'v1': ['F', 'FL', 'FL', 'F', 'M', 'F', 'F']}, {'v2': ['MR', 'MR']}]","[{'v1': ['F', 'FL', 'FL', 'F']}, {'v2': ['MR', 'MR']}]",1,2.0,2.0,,"[{'v1': [{'name': 'F', 'damage': 0.6095238095238096}, {'name': 'FL', 'damage': 0.8226950354609929}, {'name': 'FL', 'damage': 0.768}, {'name': 'F', 'damage': 0.06976744186046512}, {'name': 'M', 'damage': 0.008163860339674903}, {'name': 'F', 'damage': 0.00903954802259887}, {'name': 'F', 'damage': 1}]}, {'v2': [{'name': 'MR', 'damage': 0.036036036036036036}, {'name': 'MR', 'damage': 0.011799410029498525}]}]","{'v1': [{'name': 'F', 'damage': 0.6095238095238096}, {'name': 'FL', 'damage': 0.8226950354609929}, {'name': 'FL', 'damage': 0.768}, {'name': 'F', 'damage': 1}], 'v2': [{'name': 'MR', 'damage': 0.036036036036036036}, {'name': 'MR', 'damage': 0.011799410029498525}]}"
"[{'v1': 21.0}, {'v2': 30.0}]","[{'v1': ['F', 'FL', 'FL', 'M', 'F', 'F']}, {'v2': ['MR']}]","[{'v1': ['F', 'FL', 'F']}, {'v2': ['MR']}]",1,2.0,2.0,,"[{'v1': [{'name': 'F', 'damage': 0.1523809523809524}, {'name': 'FL', 'damage': 0.064}, {'name': 'FL', 'damage': 0.2553191489361702}, {'name': 'M', 'damage': 0.0020409650849187258}, {'name': 'F', 'damage': 0.004519774011299435}, {'name': 'F', 'damage': 0.3076923076923077}]}, {'v2': [{'name': 'MR', 'damage': 0.018018018018018018}]}]","{'v1': [{'name': 'F', 'damage': 0.1523809523809524}, {'name': 'FL', 'damage': 0.2553191489361702}, {'name': 'F', 'damage': 0.3076923076923077}], 'v2': [{'name': 'MR', 'damage': 0.018018018018018018}]}"
"[{'v1': 39.0}, {'v2': 33.0}]","[{'v1': ['F', 'FL', 'F', 'FL', 'FL', 'M', 'F', 'F']}, {'v2': ['MR', 'MR']}]","[{'v1': ['F', 'FL', 'FL', 'FL', 'F']}, {'v2': ['MR', 'MR']}]",1,2.0,2.0,,"[{'v1': [{'name': 'F', 'damage': 0.6095238095238096}, {'name': 'FL', 'damage': 0.7659574468085106}, {'name': 'F', 'damage': 0.07751937984496124}, {'name': 'FL', 'damage': 0.7573333333333333}, {'name': 'FL', 'damage': 1}, {'name': 'M', 'damage': 0.008746993221080253}, {'name': 'F', 'damage': 0.00903954802259887}, {'name': 'F', 'damage': 1}]}, {'v2': [{'name': 'MR', 'damage': 0.04504504504504504}, {'name': 'MR', 'damage': 0.011799410029498525}]}]","{'v1': [{'name': 'F', 'damage': 0.6095238095238096}, {'name': 'FL', 'damage': 0.7659574468085106}, {'name': 'FL', 'damage': 0.7573333333333333}, {'name': 'FL', 'damage': 1}, {'name': 'F', 'damage': 1}], 'v2': [{'name': 'MR', 'damage': 0.04504504504504504}, {'name': 'MR', 'damage': 0.011799410029498525}]}"
"[{'v1': 43.0}, {'v2': 34.0}]","[{'v1': ['F', 'FL', 'FL', 'F', 'M', 'F', 'F']}, {'v2': ['MR', 'MR', 'M']}]","[{'v1': ['F', 'FL', 'FL', 'F']}, {'v2': ['MR', 'MR', 'M']}]",1,2.0,2.0,,"[{'v1': [{'name': 'F', 'damage': 0.7619047619047619}, {'name': 'FL', 'damage': 1}, {'name': 'FL', 'damage': 0.9493333333333334}, {'name': 'F', 'damage': 0.13178294573643412}, {'name': 'M', 'damage': 0.01370362271302573}, {'name': 'F', 'damage': 0.013559322033898305}, {'name': 'F', 'damage': 1}]}, {'v2': [{'name': 'MR', 'damage': 0.02702702702702703}, {'name': 'MR', 'damage': 0.017699115044247787}, {'name': 'M', 'damage': 0.00029156644070267514}]}]","{'v1': [{'name': 'F', 'damage': 0.7619047619047619}, {'name': 'FL', 'damage': 1}, {'name': 'FL', 'damage': 0.9493333333333334}, {'name': 'F', 'damage': 1}], 'v2': [{'name': 'MR', 'damage': 0.02702702702702703}, {'name': 'MR', 'damage': 0.017699115044247787}, {'name': 'M', 'damage': 0.00029156644070267514}]}"
"[{'v1': 41.0}, {'v2': 14.0}]","[{'v1': ['F', 'FL', 'F', 'FL', 'FL', 'M', 'F', 'F']}, {'v2': ['MR', 'MR']}]","[{'v1': ['F', 'FL', 'FL', 'FL', 'F']}, {'v2': ['MR', 'MR']}]",1,2.0,2.0,,"[{'v1': [{'name': 'F', 'damage': 0.7619047619047619}, {'name': 'FL', 'damage': 0.9361702127659575}, {'name': 'F', 'damage': 0.12403100775193798}, {'name': 'FL', 'damage': 0.8853333333333333}, {'name': 'FL', 'damage': 1}, {'name': 'M', 'damage': 0.012245790509512355}, {'name': 'F', 'damage': 0.00903954802259887}, {'name': 'F', 'damage': 1}]}, {'v2': [{'name': 'MR', 'damage': 1}, {'name': 'MR', 'damage': 0.0058997050147492625}]}]","{'v1': [{'name': 'F', 'damage': 0.7619047619047619}, {'name': 'FL', 'damage': 0.9361702127659575}, {'name': 'FL', 'damage': 0.8853333333333333}, {'name': 'FL', 'damage': 1}, {'name': 'F', 'damage': 1}], 'v2': [{'name': 'MR', 'damage': 1}, {'name': 'MR', 'damage': 0.0058997050147492625}]}"
"[{'v1': 28.0}, {'v2': 11.0}]","[{'v1': ['F', 'FL', 'FL', 'M', 'F', 'F']}, {'v2': ['MR', 'MR']}]","[{'v1': ['F', 'FL', 'F']}, {'v2': ['MR', 'MR']}]",1,2.0,2.0,,"[{'v1': [{'name': 'F', 'damage': 0.3238095238095238}, {'name': 'FL', 'damage': 0.07466666666666667}, {'name': 'FL', 'damage': 0.45390070921985815}, {'name': 'M', 'damage': 0.0034987972884321017}, {'name': 'F', 'damage': 0.00903954802259887}, {'name': 'F', 'damage': 1}]}, {'v2': [{'name': 'MR', 'damage': 0.02702702702702703}, {'name': 'MR', 'damage': 0.011799410029498525}]}]","{'v1': [{'name': 'F', 'damage': 0.3238095238095238}, {'name': 'FL', 'damage': 0.45390070921985815}, {'name': 'F', 'damage': 1}], 'v2': [{'name': 'MR', 'damage': 0.02702702702702703}, {'name': 'MR', 'damage': 0.011799410029498525}]}"
"[{'v1': 20.0}, {'v2': 43.0}]","[{'v1': ['F', 'FL', 'FL', 'M', 'F', 'F']}, {'v2': []}]","[{'v1': ['F', 'FL', 'F']}, {'v2': []}]",0,-2.66,2.0,Exception: The simulator did not report any crashes!,"[{'v1': [{'name': 'F', 'damage': 0.1523809523809524}, {'name': 'FL', 'damage': 0.032}, {'name': 'FL', 'damage': 0.28368794326241137}, {'name': 'M', 'damage': 0.0014578322035133757}, {'name': 'F', 'damage': 0.004519774011299435}, {'name': 'F', 'damage': 0.23634336677814938}]}, {'v2': []}]","{'v1': [{'name': 'F', 'damage': 0.1523809523809524}, {'name': 'FL', 'damage': 0.28368794326241137}, {'name': 'F', 'damage': 0.23634336677814938}], 'v2': []}"
"[{'v1': 30.0}, {'v2': 45.0}]","[{'v1': ['FL', 'F', 'FL', 'FL', 'M', 'F', 'F']}, {'v2': ['MR', 'MR']}]","[{'v1': ['FL', 'F', 'FL', 'F']}, {'v2': ['MR', 'MR']}]",1,2.0,2.0,,"[{'v1': [{'name': 'FL', 'damage': 0.5390070921985816}, {'name': 'F', 'damage': 0.3619047619047619}, {'name': 'FL', 'damage': 0.11733333333333333}, {'name': 'FL', 'damage': 1}, {'name': 'M', 'damage': 0.0037903637291347766}, {'name': 'F', 'damage': 0.00903954802259887}, {'name': 'F', 'damage': 1}]}, {'v2': [{'name': 'MR', 'damage': 0.036036036036036036}, {'name': 'MR', 'damage': 0.011799410029498525}]}]","{'v1': [{'name': 'FL', 'damage': 0.5390070921985816}, {'name': 'F', 'damage': 0.3619047619047619}, {'name': 'FL', 'damage': 1}, {'name': 'F', 'damage': 1}], 'v2': [{'name': 'MR', 'damage': 0.036036036036036036}, {'name': 'MR', 'damage': 0.011799410029498525}]}"
"[{'v1': 24.0}, {'v2': 33.0}]","[{'v1': ['F', 'FL', 'FL', 'M', 'F', 'F']}, {'v2': ['MR', 'MR']}]","[{'v1': ['F', 'FL', 'F']}, {'v2': ['MR', 'MR']}]",1,2.0,2.0,,"[{'v1': [{'name': 'F', 'damage': 0.20952380952380953}, {'name': 'FL', 'damage': 0.042666666666666665}, {'name': 'FL', 'damage': 0.2553191489361702}, {'name': 'M', 'damage': 0.0029156644070267514}, {'name': 'F', 'damage': 0.004519774011299435}, {'name': 'F', 'damage': 0.4414715719063545}]}, {'v2': [{'name': 'MR', 'damage': 0.02702702702702703}, {'name': 'MR', 'damage': 0.0058997050147492625}]}]","{'v1': [{'name': 'F', 'damage': 0.20952380952380953}, {'name': 'FL', 'damage': 0.2553191489361702}, {'name': 'F', 'damage': 0.4414715719063545}], 'v2': [{'name': 'MR', 'damage': 0.02702702702702703}, {'name': 'MR', 'damage': 0.0058997050147492625}]}"
"[{'v1': 19.0}, {'v2': 41.0}]","[{'v1': ['F', 'FL', 'FL', 'M', 'F', 'F']}, {'v2': []}]","[{'v1': ['F', 'FL', 'F']}, {'v2': []}]",0,-2.69,2.0,Exception: The simulator did not report any crashes!,"[{'v1': [{'name': 'F', 'damage': 0.13333333333333333}, {'name': 'FL', 'damage': 0.032}, {'name': 'FL', 'damage': 0.28368794326241137}, {'name': 'M', 'damage': 0.0014578322035133757}, {'name': 'F', 'damage': 0.004519774011299435}, {'name': 'F', 'damage': 0.2318840579710145}]}, {'v2': []}]","{'v1': [{'name': 'F', 'damage': 0.13333333333333333}, {'name': 'FL', 'damage': 0.28368794326241137}, {'name': 'F', 'damage': 0.2318840579710145}], 'v2': []}"
"[{'v1': 48.0}, {'v2': 41.0}]","[{'v1': ['F', 'FL', 'F', 'FL', 'FL', 'M', 'F', 'F']}, {'v2': ['MR', 'MR']}]","[{'v1': ['F', 'FL', 'FL', 'FL', 'F']}, {'v2': ['MR', 'MR']}]",1,2.0,2.0,,"[{'v1': [{'name': 'F', 'damage': 0.7619047619047619}, {'name': 'FL', 'damage': 1}, {'name': 'F', 'damage': 0.14728682170542637}, {'name': 'FL', 'damage': 1}, {'name': 'FL', 'damage': 1}, {'name': 'M', 'damage': 0.01428675559443108}, {'name': 'F', 'damage': 0.01807909604519774}, {'name': 'F', 'damage': 1}]}, {'v2': [{'name': 'MR', 'damage': 0.05405405405405406}, {'name': 'MR', 'damage': 0.017699115044247787}]}]","{'v1': [{'name': 'F', 'damage': 0.7619047619047619}, {'name': 'FL', 'damage': 1}, {'name': 'FL', 'damage': 1}, {'name': 'FL', 'damage': 1}, {'name': 'F', 'damage': 1}], 'v2': [{'name': 'MR', 'damage': 0.05405405405405406}, {'name': 'MR', 'damage': 0.017699115044247787}]}"
"[{'v1': 32.0}, {'v2': 31.0}]","[{'v1': ['F', 'FL', 'FL', 'F', 'M', 'F', 'F']}, {'v2': ['MR', 'MR']}]","[{'v1': ['F', 'FL', 'FL', 'F']}, {'v2': ['MR', 'MR']}]",1,2.0,2.0,,"[{'v1': [{'name': 'F', 'damage': 0.38095238095238093}, {'name': 'FL', 'damage': 0.624113475177305}, {'name': 'FL', 'damage': 0.5866666666666667}, {'name': 'F', 'damage': 0.03875968992248062}, {'name': 'M', 'damage': 0.005831328814053503}, {'name': 'F', 'damage': 0.004519774011299435}, {'name': 'F', 'damage': 0.6287625418060201}]}, {'v2': [{'name': 'MR', 'damage': 0.036036036036036036}, {'name': 'MR', 'damage': 0.011799410029498525}]}]","{'v1': [{'name': 'F', 'damage': 0.38095238095238093}, {'name': 'FL', 'damage': 0.624113475177305}, {'name': 'FL', 'damage': 0.5866666666666667}, {'name': 'F', 'damage': 0.6287625418060201}], 'v2': [{'name': 'MR', 'damage': 0.036036036036036036}, {'name': 'MR', 'damage': 0.011799410029498525}]}"
"[{'v1': 11.0}, {'v2': 47.0}]","[{'v1': ['F', 'F', 'FL', 'M']}, {'v2': []}]","[{'v1': ['F', 'F', 'FL']}, {'v2': []}]",0,-2.93,2.0,Exception: The simulator did not report any crashes!,"[{'v1': [{'name': 'F', 'damage': 0.026755852842809364}, {'name': 'F', 'damage': 0.01904761904761905}, {'name': 'FL', 'damage': 0.028368794326241134}, {'name': 'M', 'damage': 0.00029156644070267514}]}, {'v2': []}]","{'v1': [{'name': 'F', 'damage': 0.01904761904761905}, {'name': 'F', 'damage': 0.026755852842809364}, {'name': 'FL', 'damage': 0.028368794326241134}], 'v2': []}"
"[{'v1': 29.0}, {'v2': 19.0}]","[{'v1': ['F', 'FL', 'FL', 'M', 'F', 'F']}, {'v2': ['MR', 'MR']}]","[{'v1': ['F', 'FL', 'F']}, {'v2': ['MR', 'MR']}]",1,2.0,2.0,,"[{'v1': [{'name': 'F', 'damage': 0.3238095238095238}, {'name': 'FL', 'damage': 0.08533333333333333}, {'name': 'FL', 'damage': 0.45390070921985815}, {'name': 'M', 'damage': 0.0037903637291347766}, {'name': 'F', 'damage': 0.00903954802259887}, {'name': 'F', 'damage': 1}]}, {'v2': [{'name': 'MR', 'damage': 0.02702702702702703}, {'name': 'MR', 'damage': 0.011799410029498525}]}]","{'v1': [{'name': 'F', 'damage': 0.3238095238095238}, {'name': 'FL', 'damage': 0.45390070921985815}, {'name': 'F', 'damage': 1}], 'v2': [{'name': 'MR', 'damage': 0.02702702702702703}, {'name': 'MR', 'damage': 0.011799410029498525}]}"
"[{'v1': 14.0}, {'v2': 17.0}]","[{'v1': ['F', 'F', 'FL', 'M']}, {'v2': []}]","[{'v1': ['F', 'FL', 'F']}, {'v2': []}]",0,-2.81,2.0,Exception: The simulator did not report any crashes!,"[{'v1': [{'name': 'F', 'damage': 0.11594202898550725}, {'name': 'F', 'damage': 0.05714285714285714}, {'name': 'FL', 'damage': 0.05673758865248227}, {'name': 'M', 'damage': 0.0008746993221080254}]}, {'v2': []}]","{'v1': [{'name': 'F', 'damage': 0.05714285714285714}, {'name': 'FL', 'damage': 0.05673758865248227}, {'name': 'F', 'damage': 0.11594202898550725}], 'v2': []}"
"[{'v1': 28.0}, {'v2': 41.0}]","[{'v1': ['F', 'FL', 'FL', 'M', 'F', 'F']}, {'v2': ['MR', 'MR']}]","[{'v1': ['F', 'FL', 'F']}, {'v2': ['MR', 'MR']}]",1,2.0,2.0,,"[{'v1': [{'name': 'F', 'damage': 0.3238095238095238}, {'name': 'FL', 'damage': 0.07466666666666667}, {'name': 'FL', 'damage': 0.45390070921985815}, {'name': 'M', 'damage': 0.0037903637291347766}, {'name': 'F', 'damage': 0.00903954802259887}, {'name': 'F', 'damage': 1}]}, {'v2': [{'name': 'MR', 'damage': 0.036036036036036036}, {'name': 'MR', 'damage': 0.0058997050147492625}]}]","{'v1': [{'name': 'F', 'damage': 0.3238095238095238}, {'name': 'FL', 'damage': 0.45390070921985815}, {'name': 'F', 'damage': 1}], 'v2': [{'name': 'MR', 'damage': 0.036036036036036036}, {'name': 'MR', 'damage': 0.0058997050147492625}]}"
"[{'v1': 16.0}, {'v2': 26.0}]","[{'v1': ['F', 'F', 'FL', 'M']}, {'v2': []}]","[{'v1': ['F', 'FL', 'F']}, {'v2': []}]",0,-2.78,2.0,Exception: The simulator did not report any crashes!,"[{'v1': [{'name': 'F', 'damage': 0.12486064659977704}, {'name': 'F', 'damage': 0.0761904761904762}, {'name': 'FL', 'damage': 0.05673758865248227}, {'name': 'M', 'damage': 0.0008746993221080254}]}, {'v2': []}]","{'v1': [{'name': 'F', 'damage': 0.0761904761904762}, {'name': 'FL', 'damage': 0.05673758865248227}, {'name': 'F', 'damage': 0.12486064659977704}], 'v2': []}"
"[{'v1': 27.0}, {'v2': 42.0}]","[{'v1': ['F', 'FL', 'FL', 'M', 'F', 'F']}, {'v2': ['MR', 'MR']}]","[{'v1': ['F', 'FL', 'F']}, {'v2': ['MR', 'MR']}]",1,2.0,2.0,,"[{'v1': [{'name': 'F', 'damage': 0.3238095238095238}, {'name': 'FL', 'damage': 0.096}, {'name': 'FL', 'damage': 0.3404255319148936}, {'name': 'M', 'damage': 0.0034987972884321017}, {'name': 'F', 'damage': 0.00903954802259887}, {'name': 'F', 'damage': 1}]}, {'v2': [{'name': 'MR', 'damage': 0.036036036036036036}, {'name': 'MR', 'damage': 0.017699115044247787}]}]","{'v1': [{'name': 'F', 'damage': 0.3238095238095238}, {'name': 'FL', 'damage': 0.3404255319148936}, {'name': 'F', 'damage': 1}], 'v2': [{'name': 'MR', 'damage': 0.036036036036036036}, {'name': 'MR', 'damage': 0.017699115044247787}]}"
"[{'v1': 34.0}, {'v2': 27.0}]","[{'v1': ['F', 'FL', 'F', 'FL', 'FL', 'M', 'F', 'F']}, {'v2': ['MR', 'MR']}]","[{'v1': ['F', 'FL', 'FL', 'FL', 'F']}, {'v2': ['MR', 'MR']}]",1,2.0,2.0,,"[{'v1': [{'name': 'F', 'damage': 0.4380952380952381}, {'name': 'FL', 'damage': 0.7092198581560284}, {'name': 'F', 'damage': 0.03875968992248062}, {'name': 'FL', 'damage': 0.6506666666666666}, {'name': 'FL', 'damage': 1}, {'name': 'M', 'damage': 0.005831328814053503}, {'name': 'F', 'damage': 0.00903954802259887}, {'name': 'F', 'damage': 1}]}, {'v2': [{'name': 'MR', 'damage': 0.036036036036036036}, {'name': 'MR', 'damage': 0.017699115044247787}]}]","{'v1': [{'name': 'F', 'damage': 0.4380952380952381}, {'name': 'FL', 'damage': 0.7092198581560284}, {'name': 'FL', 'damage': 0.6506666666666666}, {'name': 'FL', 'damage': 1}, {'name': 'F', 'damage': 1}], 'v2': [{'name': 'MR', 'damage': 0.036036036036036036}, {'name': 'MR', 'damage': 0.017699115044247787}]}"
"[{'v1': 22.0}, {'v2': 23.0}]","[{'v1': ['F', 'FL', 'FL', 'M', 'F', 'F']}, {'v2': ['MR']}]","[{'v1': ['F', 'FL', 'F']}, {'v2': ['MR']}]",1,2.0,2.0,,"[{'v1': [{'name': 'F', 'damage': 0.1523809523809524}, {'name': 'FL', 'damage': 0.064}, {'name': 'FL', 'damage': 0.2553191489361702}, {'name': 'M', 'damage': 0.002332531525621401}, {'name': 'F', 'damage': 0.004519774011299435}, {'name': 'F', 'damage': 0.31215161649944256}]}, {'v2': [{'name': 'MR', 'damage': 0.018018018018018018}]}]","{'v1': [{'name': 'F', 'damage': 0.1523809523809524}, {'name': 'FL', 'damage': 0.2553191489361702}, {'name': 'F', 'damage': 0.31215161649944256}], 'v2': [{'name': 'MR', 'damage': 0.018018018018018018}]}"
"[{'v1': 24.0}, {'v2': 49.0}]","[{'v1': ['F', 'FL', 'FL', 'M', 'F', 'F']}, {'v2': ['MR']}]","[{'v1': ['F', 'FL', 'F']}, {'v2': ['MR']}]",1,2.0,2.0,,"[{'v1': [{'name': 'F', 'damage': 0.19047619047619047}, {'name': 'FL', 'damage': 0.032}, {'name': 'FL', 'damage': 0.22695035460992907}, {'name': 'M', 'damage': 0.0029156644070267514}, {'name': 'F', 'damage': 0.004519774011299435}, {'name': 'F', 'damage': 0.4459308807134894}]}, {'v2': [{'name': 'MR', 'damage': 0.018018018018018018}]}]","{'v1': [{'name': 'F', 'damage': 0.19047619047619047}, {'name': 'FL', 'damage': 0.22695035460992907}, {'name': 'F', 'damage': 0.4459308807134894}], 'v2': [{'name': 'MR', 'damage': 0.018018018018018018}]}"
"[{'v1': 22.0}, {'v2': 33.0}]","[{'v1': ['F', 'FL', 'FL', 'M', 'F', 'F']}, {'v2': ['MR']}]","[{'v1': ['F', 'FL', 'F']}, {'v2': ['MR']}]",1,2.0,2.0,,"[{'v1': [{'name': 'F', 'damage': 0.1523809523809524}, {'name': 'FL', 'damage': 0.064}, {'name': 'FL', 'damage': 0.2553191489361702}, {'name': 'M', 'damage': 0.0020409650849187258}, {'name': 'F', 'damage': 0.004519774011299435}, {'name': 'F', 'damage': 0.3032329988851728}]}, {'v2': [{'name': 'MR', 'damage': 0.018018018018018018}]}]","{'v1': [{'name': 'F', 'damage': 0.1523809523809524}, {'name': 'FL', 'damage': 0.2553191489361702}, {'name': 'F', 'damage': 0.3032329988851728}], 'v2': [{'name': 'MR', 'damage': 0.018018018018018018}]}"
"[{'v1': 34.0}, {'v2': 13.0}]","[{'v1': ['F', 'FL', 'FL', 'F', 'M', 'F', 'F']}, {'v2': ['MR', 'MR']}]","[{'v1': ['F', 'FL', 'FL', 'F']}, {'v2': ['MR', 'MR']}]",1,2.0,2.0,,"[{'v1': [{'name': 'F', 'damage': 0.47619047619047616}, {'name': 'FL', 'damage': 0.6808510638297872}, {'name': 'FL', 'damage': 0.6826666666666666}, {'name': 'F', 'damage': 0.046511627906976744}, {'name': 'M', 'damage': 0.006414461695458853}, {'name': 'F', 'damage': 0.004519774011299435}, {'name': 'F', 'damage': 1}]}, {'v2': [{'name': 'MR', 'damage': 0.036036036036036036}, {'name': 'MR', 'damage': 0.011799410029498525}]}]","{'v1': [{'name': 'F', 'damage': 0.47619047619047616}, {'name': 'FL', 'damage': 0.6808510638297872}, {'name': 'FL', 'damage': 0.6826666666666666}, {'name': 'F', 'damage': 1}], 'v2': [{'name': 'MR', 'damage': 0.036036036036036036}, {'name': 'MR', 'damage': 0.011799410029498525}]}"
"[{'v1': 30.0}, {'v2': 34.0}]","[{'v1': ['FL', 'F', 'FL', 'FL', 'M', 'F', 'F']}, {'v2': ['MR', 'MR']}]","[{'v1': ['FL', 'F', 'FL', 'F']}, {'v2': ['MR', 'MR']}]",1,2.0,2.0,,"[{'v1': [{'name': 'FL', 'damage': 0.5106382978723404}, {'name': 'F', 'damage': 0.34285714285714286}, {'name': 'FL', 'damage': 0.10666666666666667}, {'name': 'FL', 'damage': 1}, {'name': 'M', 'damage': 0.0037903637291347766}, {'name': 'F', 'damage': 0.00903954802259887}, {'name': 'F', 'damage': 1}]}, {'v2': [{'name': 'MR', 'damage': 0.036036036036036036}, {'name': 'MR', 'damage': 0.011799410029498525}]}]","{'v1': [{'name': 'FL', 'damage': 0.5106382978723404}, {'name': 'F', 'damage': 0.34285714285714286}, {'name': 'FL', 'damage': 1}, {'name': 'F', 'damage': 1}], 'v2': [{'name': 'MR', 'damage': 0.036036036036036036}, {'name': 'MR', 'damage': 0.011799410029498525}]}"
"[{'v1': 27.0}, {'v2': 31.0}]","[{'v1': ['FL', 'F', 'FL', 'FL', 'M', 'F', 'F']}, {'v2': ['MR', 'MR']}]","[{'v1': ['FL', 'F', 'FL', 'F']}, {'v2': ['MR', 'MR']}]",1,2.0,2.0,,"[{'v1': [{'name': 'FL', 'damage': 0.3404255319148936}, {'name': 'F', 'damage': 0.34285714285714286}, {'name': 'FL', 'damage': 0.07466666666666667}, {'name': 'FL', 'damage': 1}, {'name': 'M', 'damage': 0.0034987972884321017}, {'name': 'F', 'damage': 0.00903954802259887}, {'name': 'F', 'damage': 1}]}, {'v2': [{'name': 'MR', 'damage': 0.036036036036036036}, {'name': 'MR', 'damage': 0.017699115044247787}]}]","{'v1': [{'name': 'FL', 'damage': 0.3404255319148936}, {'name': 'F', 'damage': 0.34285714285714286}, {'name': 'FL', 'damage': 1}, {'name': 'F', 'damage': 1}], 'v2': [{'name': 'MR', 'damage': 0.036036036036036036}, {'name': 'MR', 'damage': 0.017699115044247787}]}"
"[{'v1': 49.0}, {'v2': 26.0}]","[{'v1': ['F', 'FL', 'F', 'FL', 'FL', 'M', 'F', 'F']}, {'v2': ['BR', 'MR', 'MR']}]","[{'v1': ['F', 'FL', 'FL', 'FL', 'F']}, {'v2': ['BR', 'MR', 'MR']}]",1,2.0,2.0,,"[{'v1': [{'name': 'F', 'damage': 0.780952380952381}, {'name': 'FL', 'damage': 1}, {'name': 'F', 'damage': 0.15503875968992248}, {'name': 'FL', 'damage': 1}, {'name': 'FL', 'damage': 1}, {'name': 'M', 'damage': 0.01428675559443108}, {'name': 'F', 'damage': 0.01807909604519774}, {'name': 'F', 'damage': 1}]}, {'v2': [{'name': 'BR', 'damage': 1}, {'name': 'MR', 'damage': 1}, {'name': 'MR', 'damage': 0.011799410029498525}]}]","{'v1': [{'name': 'F', 'damage': 0.780952380952381}, {'name': 'FL', 'damage': 1}, {'name': 'FL', 'damage': 1}, {'name': 'FL', 'damage': 1}, {'name': 'F', 'damage': 1}], 'v2': [{'name': 'BR', 'damage': 1}, {'name': 'MR', 'damage': 1}, {'name': 'MR', 'damage': 0.011799410029498525}]}"
"[{'v1': 35.0}, {'v2': 34.0}]","[{'v1': ['F', 'FL', 'FL', 'F', 'M', 'F', 'F']}, {'v2': ['MR']}]","[{'v1': ['F', 'FL', 'FL', 'F']}, {'v2': ['MR']}]",1,2.0,2.0,,"[{'v1': [{'name': 'F', 'damage': 0.5333333333333333}, {'name': 'FL', 'damage': 0.7375886524822695}, {'name': 'FL', 'damage': 0.6826666666666666}, {'name': 'F', 'damage': 0.046511627906976744}, {'name': 'M', 'damage': 0.006997594576864203}, {'name': 'F', 'damage': 0.00903954802259887}, {'name': 'F', 'damage': 1}]}, {'v2': [{'name': 'MR', 'damage': 0.036036036036036036}]}]","{'v1': [{'name': 'F', 'damage': 0.5333333333333333}, {'name': 'FL', 'damage': 0.7375886524822695}, {'name': 'FL', 'damage': 0.6826666666666666}, {'name': 'F', 'damage': 1}], 'v2': [{'name': 'MR', 'damage': 0.036036036036036036}]}"
"[{'v1': 28.0}, {'v2': 37.0}]","[{'v1': ['F', 'FL', 'FL', 'M', 'F', 'F']}, {'v2': ['MR', 'MR']}]","[{'v1': ['F', 'FL', 'F']}, {'v2': ['MR', 'MR']}]",1,2.0,2.0,,"[{'v1': [{'name': 'F', 'damage': 0.2857142857142857}, {'name': 'FL', 'damage': 0.07466666666666667}, {'name': 'FL', 'damage': 0.425531914893617}, {'name': 'M', 'damage': 0.0037903637291347766}, {'name': 'F', 'damage': 0.004519774011299435}, {'name': 'F', 'damage': 1}]}, {'v2': [{'name': 'MR', 'damage': 0.036036036036036036}, {'name': 'MR', 'damage': 0.011799410029498525}]}]","{'v1': [{'name': 'F', 'damage': 0.2857142857142857}, {'name': 'FL', 'damage': 0.425531914893617}, {'name': 'F', 'damage': 1}], 'v2': [{'name': 'MR', 'damage': 0.036036036036036036}, {'name': 'MR', 'damage': 0.011799410029498525}]}"
